1790196763963 0.0 0
1790196764555 38.33943009376526 1
1790196765133 45.15770077705383 2
1790196765726 50.85665583610535 3
1790196766322 55.233681201934814 4
1790196766916 58.38664174079895 5
1790196767494 60.701918601989746 6
1790196768088 62.50063180923462 7
1790196768679 63.8891875743866 8
1790196769259 64.91644382476807 9
1790196769848 65.76651334762573 10
1790196770440 66.40760898590088 11
1790196771070 66.91589951515198 12
1790196771664 67.39967465400696 13
1790196772257 67.83339977264404 14
1790196772850 68.23883056640625 15
1790196773434 68.7842845916748 16
1790196774022 69.27589774131775 17
1790196774617 69.87776756286621 18
1790196775211 70.40400505065918 19
1790196775791 70.95153331756592 20
1790196776380 71.37417793273926 21
1790196776995 71.76650762557983 22
1790196777589 72.1448540687561 23
1790196778184 72.49306440353394 24
1790196778789 72.77733087539673 25
1790196779377 73.0282187461853 26
1790196779971 73.28977584838867 27
1790196780555 73.44561815261841 28
1790196781150 73.64233136177063 29
1790196781740 73.77040386199951 30
1790196782323 73.8961935043335 31
1790196782945 74.02293682098389 32
1790196783516 74.1618275642395 33
1790196784089 74.285888671875 34
1790196784673 74.35541152954102 35
1790196785253 74.47221279144287 36
1790196785827 74.57938194274902 37
1790196786408 74.65847730636597 38
1790196786989 74.68775510787964 39
1790196787575 74.76838827133179 40
1790196788152 74.9058485031128 41
1790196788788 74.84223246574402 42
1790196789378 74.91074800491333 43
1790196789978 75.01916885375977 44
1790196790581 75.07625818252563 45
1790196791192 75.14767646789551 46
1790196791778 75.21330118179321 47
1790196792378 75.2953052520752 48
1790196792982 75.2072811126709 49
1790196793576 75.31629204750061 50
1790196794197 75.3768265247345 51
1790196794963 75.4434883594513 52
1790196795564 75.40616393089294 53
1790196796157 75.50638318061829 54
1790196796751 75.50342082977295 55
1790196797353 75.53280591964722 56
1790196797939 75.57638883590698 57
1790196798547 75.63968300819397 58
1790196799138 75.71465969085693 59
1790196799727 75.73764324188232 60
1790196800308 75.78370571136475 61
1790196800926 75.80491304397583 62
1790196801505 75.87589621543884 63
1790196802083 75.92834234237671 64
1790196802670 75.91036558151245 65
1790196803259 76.03806257247925 66
1790196803836 76.01046562194824 67
1790196804414 76.13340616226196 68
1790196805014 76.12842321395874 69
1790196805604 76.22450590133667 70
1790196806176 76.22782588005066 71
1790196806781 76.29767656326294 72
1790196807358 76.2999176979065 73
1790196807926 76.35905742645264 74
1790196808494 76.48529410362244 75
1790196809079 76.44111514091492 76
1790196809644 76.4907717704773 77
1790196810211 76.49960517883301 78
1790196810799 76.5568733215332 79
1790196811397 76.62155032157898 80
1790196811980 76.60408616065979 81
1790196812694 76.66418552398682 82
1790196813311 76.7326831817627 83
1790196813897 76.79705023765564 84
1790196814490 76.8004298210144 85
1790196815073 76.79335474967957 86
1790196815652 76.90348625183105 87
1790196816233 76.974618434906 88
1790196816825 76.8999993801117 89
1790196817417 76.95801258087158 90
1790196817993 77.03512907028198 91
1790196818609 77.02910900115967 92
1790196819206 77.05572843551636 93
1790196819786 77.08897590637207 94
1790196820364 77.0817756652832 95
1790196820958 77.07240581512451 96
1790196821545 77.16189622879028 97
1790196822127 77.16432809829712 98
1790196822713 77.26023197174072 99
1790196823318 77.22006440162659 100
1790196823898 77.27395296096802 101
1790196824554 77.30877995491028 102
1790196825130 77.33417749404907 103
1790196825698 77.28427648544312 104
1790196826263 77.35655307769775 105
1790196826836 77.36040949821472 106
1790196827471 77.38668322563171 107
1790196828060 77.33889818191528 108
1790196828635 77.44061946868896 109
1790196829232 77.43650078773499 110
1790196829822 77.36800909042358 111
1790196830476 77.53954529762268 112
1790196831071 77.4515688419342 113
1790196831657 77.52586603164673 114
1790196832232 77.51339673995972 115
1790196832811 77.51516699790955 116
1790196833396 77.48663425445557 117
1790196833970 77.5701105594635 118
1790196834540 77.56894826889038 119
1790196835123 77.52724885940552 120
1790196835696 77.60775089263916 121
1790196836300 77.60693430900574 122
1790196836870 77.6884913444519 123
1790196837444 77.61765122413635 124
1790196838021 77.65091061592102 125
1790196838600 77.74064540863037 126
1790196839181 77.65841484069824 127
1790196839751 77.74527668952942 128
1790196840320 77.71695852279663 129
1790196840899 77.67407894134521 130
1790196841510 77.68928408622742 131
1790196842171 77.73234248161316 132
1790196842778 77.75839567184448 133
1790196843381 77.72600650787354 134
1790196843969 77.73720622062683 135
1790196844554 77.75411009788513 136
1790196845150 77.79442071914673 137
1790196845737 77.74507403373718 138
1790196846327 77.7605414390564 139
1790196846929 77.8226375579834 140
1790196847533 77.78299450874329 141
1790196848202 77.82633900642395 142
1790196848794 77.85949110984802 143
1790196849402 77.7681291103363 144
1790196849990 77.83873081207275 145
1790196850576 77.83573269844055 146
1790196851171 77.87466049194336 147
1790196851757 77.9363214969635 148
1790196852338 77.82944440841675 149
1790196852926 77.8299868106842 150
1790196853523 77.90862917900085 151
1790196854226 77.8740406036377 152
1790196854814 77.90774703025818 153
1790196855414 77.94716954231262 154
1790196856001 77.9134750366211 155
1790196856585 77.87580490112305 156
1790196857181 77.8813123703003 157
1790196857774 77.96411514282227 158
1790196858358 77.92933583259583 159
1790196858946 77.93974876403809 160
1790196859545 77.91329622268677 161
1790196860175 77.98760533332825 162
1790196860757 77.9977560043335 163
1790196861353 77.98493504524231 164
1790196861942 77.99606323242188 165
1790196862524 77.96205878257751 166
1790196863113 77.979576587677 167
1790196863695 77.96367406845093 168
1790196864297 77.99721956253052 169
1790196864898 78.03996205329895 170
1790196865508 78.04375886917114 171
1790196866294 77.98604369163513 172
1790196866910 77.98032760620117 173
1790196867539 78.05376052856445 174
1790196868151 78.0459463596344 175
1790196868767 78.02395224571228 176
1790196869398 78.02121639251709 177
1790196870024 77.96003818511963 178
1790196870647 78.05644273757935 179
1790196871289 78.0781626701355 180
1790196871957 78.05120348930359 181
1790196872566 78.08994650840759 182
1790196873174 78.10083627700806 183
1790196873788 78.00308465957642 184
1790196874387 78.09586524963379 185
1790196874998 78.117436170578 186
1790196875613 78.15361022949219 187
1790196876207 78.09600234031677 188
1790196876784 78.14568877220154 189
1790196877371 78.16019058227539 190
1790196877958 78.0872106552124 191
1790196878622 78.08687686920166 192
1790196879204 78.08012962341309 193
1790196879794 78.158038854599 194
1790196880363 78.15491557121277 195
1790196880933 78.08769345283508 196
1790196881517 78.12536954879761 197
1790196882098 78.17524075508118 198
1790196882669 78.23876142501831 199
