1790196763965 234612445597.39258 0
1790196764557 85203159350.9926 1
1790196765134 75781548947.91112 2
1790196765727 67907049255.82222 3
1790196766323 61858476138.19259 4
1790196766918 57501961845.57037 5
1790196767496 54302598748.91852 6
1790196768089 51817046345.95556 7
1790196768680 49898291636.14815 8
1790196769261 48478931501.51111 9
1790196769849 47304256775.58518 10
1790196770441 46418465901.03704 11
1790196771072 45715960210.01482 12
1790196771665 45047388793.36296 13
1790196772258 44448158977.89629 14
1790196772851 43888015016.77037 15
1790196773436 43134479420.68148 16
1790196774024 42454957509.21481 17
1790196774619 41623158313.71852 18
1790196775212 40896141208.651855 19
1790196775793 40139440688.35555 20
1790196776381 39555526873.12592 21
1790196776997 39013300536.888885 22
1790196777590 38490590255.40741 23
1790196778185 38009392772.74074 24
1790196778791 37616485049.837036 25
1790196779378 37269936618.19259 26
1790196779973 36908357060.26667 27
1790196780556 36693098957.748146 28
1790196781152 36421367673.36296 29
1790196781741 36244294273.89629 30
1790196782329 36070549434.78519 31
1790196782946 35895325185.89629 32
1790196783517 35703380727.46667 33
1790196784090 35532043362.60741 34
1790196784675 35435980327.82222 35
1790196785255 35274524520.296295 36
1790196785829 35126471389.86667 37
1790196786409 35017168590.6963 38
1790196786991 34976684711.82222 39
1790196787576 34865245455.17037 40
1790196788154 34675342464.94815 41
1790196788790 34763332823.22963 42
1790196789380 34668715114.19259 43
1790196789980 34518794200.17778 44
1790196790583 34439898853.45185 45
1790196791193 34341316000.237038 46
1790196791779 34250588850.25185 47
1790196792379 34137199601.77778 48
1790196792984 34258884790.99259 49
1790196793578 34108181196.8 50
1790196794198 34024593228.8 51
1790196794965 33932475393.896297 52
1790196795566 33984116973.037037 53
1790196796158 33845606420.85926 54
1790196796752 33849446591.525925 55
1790196797355 33809014804.85926 56
1790196797940 33748684703.288887 57
1790196798548 33661228878.696297 58
1790196799140 33557769723.25926 59
1790196799728 33526047151.407406 60
1790196800309 33462293875.674072 61
1790196800928 33432978489.837036 62
1790196801507 33335010177.896297 63
1790196802084 33262433332.148148 64
1790196802671 33287339796.85926 65
1790196803260 33110868828.918518 66
1790196803838 33148997681.77778 67
1790196804415 32979114888.533333 68
1790196805016 32985960253.62963 69
1790196805606 32853278623.288887 70
1790196806177 32848670615.703705 71
1790196806783 32752184443.25926 72
1790196807359 32748959826.488888 73
1790196807927 32667350678.755554 74
1790196808496 32492902404.74074 75
1790196809080 32553932606.577778 76
1790196809646 32485266255.644444 77
1790196810212 32473094143.051853 78
1790196810801 32394008390.162964 79
1790196811398 32304617197.985184 80
1790196811986 32328720722.488888 81
1790196812696 32245628300.325928 82
1790196813313 32151009199.407406 83
1790196813898 32062128342.281483 84
1790196814492 32057448119.940742 85
1790196815075 32067236886.755554 86
1790196815653 31915085193.48148 87
1790196816234 31816779858.488888 88
1790196816826 31919703581.392593 89
1790196817418 31839677813.57037 90
1790196817994 31733158101.333332 91
1790196818611 31741450404.02963 92
1790196819208 31704627882.666668 93
1790196819788 31658652653.037037 94
1790196820365 31668621622.044445 95
1790196820960 31681635489.185184 96
1790196821546 31557925117.155556 97
1790196822128 31554587101.866665 98
1790196822715 31422136388.266666 99
1790196823319 31477579604.385185 100
1790196823899 31403186926.933334 101
1790196824555 31355028486.637035 102
1790196825132 31319883117.985184 103
1790196825700 31388803766.044445 104
1790196826265 31289041218.37037 105
1790196826837 31283625733.68889 106
1790196827473 31247252577.65926 107
1790196828061 31313375934.103703 108
1790196828636 31172705353.955555 109
1790196829234 31178537042.488888 110
1790196829823 31273185205.096294 111
1790196830478 31036018753.422222 112
1790196831072 31157658781.392593 113
1790196831658 31054940708.97778 114
1790196832233 31072229661.392593 115
1790196832812 31069805966.22222 116
1790196833398 31109215964.918518 117
1790196833972 30993900643.555557 118
1790196834541 30995442501.214813 119
1790196835124 31053132896.711113 120
1790196835697 30941897142.044445 121
1790196836302 30942981721.125927 122
1790196836872 30830250835.43704 123
1790196837446 30928106239.051853 124
1790196838023 30882359529.244446 125
1790196838601 30758148177.54074 126
1790196839182 30871798462.103703 127
1790196839753 30751805979.496296 128
1790196840322 30791021582.22222 129
1790196840931 30850235447.940742 130
1790196841511 30829113582.933334 131
1790196842172 30769573141.807407 132
1790196842779 30733603954.725925 133
1790196843382 30778441758.34074 134
1790196843970 30762927513.6 135
1790196844555 30739582886.874073 136
1790196845151 30683951668.148148 137
1790196845739 30752130973.392593 138
1790196846328 30730705324.56296 139
1790196846930 30644930660.503704 140
1790196847535 30699597281.65926 141
1790196848203 30639853269.333332 142
1790196848795 30593933883.733334 143
1790196849403 30720189983.288887 144
1790196849992 30622567691.377777 145
1790196850577 30626831520.237038 146
1790196851173 30573045657.125927 147
1790196851759 30487819763.674072 148
1790196852340 30635473581.511112 149
1790196852928 30634788728.414814 150
1790196853555 30526111817.00741 151
1790196854228 30573890164.622223 152
1790196854816 30527392936.77037 153
1790196855416 30472934105.125927 154
1790196856002 30519347881.718517 155
1790196856587 30571431345.303703 156
1790196857182 30563789288.296295 157
1790196857776 30449422035.43704 158
1790196858360 30497530886.637035 159
1790196858948 30483115998.814816 160
1790196859577 30519600642.844444 161
1790196860176 30416903245.74815 162
1790196860759 30402919399.34815 163
1790196861354 30420678671.170372 164
1790196861944 30405264755.674072 165
1790196862525 30452241449.718517 166
1790196863114 30428013123.31852 167
1790196863697 30450028047.170372 168
1790196864299 30403716973.985184 169
1790196864899 30344685372.68148 170
1790196865540 30339313087.051853 171
1790196866295 30419131926.755554 172
1790196866911 30427029218.607407 173
1790196867540 30325444697.125927 174
1790196868153 30336365853.392593 175
1790196868769 30366733334.755554 176
1790196869400 30370604249.125927 177
1790196870025 30455060912.355556 178
1790196870649 30321835520.0 179
1790196871321 30291830345.955555 180
1790196871960 30329061362.725925 181
1790196872567 30275535000.65185 182
1790196873175 30260496603.97037 183
1790196873790 30395487780.97778 184
1790196874390 30267409191.822224 185
1790196874999 30237606602.903706 186
1790196875614 30187525647.170372 187
1790196876208 30267304409.125927 188
1790196876785 30198504243.674072 189
1790196877373 30178492096.474075 190
1790196877959 30279368648.059258 191
1790196878623 30279908242.014816 192
1790196879206 30289139710.577778 193
1790196879795 30181468860.68148 194
1790196880365 30185862933.807407 195
1790196880934 30278657408.948147 196
1790196881519 30226554776.65185 197
1790196882100 30157704985.125927 198
1790196882670 30069929030.162964 199
