1790193063910 0.0 0
1790193064425 0.0 1
1790193064917 0.0 2
1790193065404 0.0 3
1790193065892 0.0 4
1790193066390 0.0 5
1790193066886 0.0 6
1790193067371 0.0 7
1790193067853 0.0 8
1790193068358 0.0 9
1790193068860 1.1642217636108398 10
1790193069364 7.463359832763672 11
1790193069885 12.975376844406128 12
1790193070375 17.69440770149231 13
1790193070864 21.65626883506775 14
1790193071346 24.8615562915802 15
1790193071824 27.343809604644775 16
1790193072311 29.184573888778687 17
1790193072826 30.513155460357666 18
1790193073311 31.447964906692505 19
1790193073790 32.08804130554199 20
1790193074266 32.554417848587036 21
1790193074769 32.928502559661865 22
1790193075253 33.25681686401367 23
1790193075744 33.56400728225708 24
1790193076240 33.85726809501648 25
1790193076729 34.14214253425598 26
1790193077206 34.42121148109436 27
1790193077682 34.69365835189819 28
1790193078162 34.965068101882935 29
1790193078659 35.23062467575073 30
1790193079147 35.49457788467407 31
1790193079671 35.759562253952026 32
1790193080155 36.0213041305542 33
1790193080636 36.28225922584534 34
1790193081120 36.53832674026489 35
1790193081592 36.789703369140625 36
1790193082078 37.04294562339783 37
1790193082555 37.295812368392944 38
1790193083051 37.54536509513855 39
1790193083527 37.79367208480835 40
1790193084007 38.037097454071045 41
1790193084544 38.27895522117615 42
1790193085085 38.52250576019287 43
1790193085592 38.76548409461975 44
1790193086072 39.00584578514099 45
1790193086560 39.24615979194641 46
1790193087045 39.47933912277222 47
1790193087521 39.71264958381653 48
1790193087995 39.944928884506226 49
1790193088483 40.17683267593384 50
1790193088968 40.405142307281494 51
1790193089548 40.631771087646484 52
1790193090048 40.855610370635986 53
1790193090551 41.07750654220581 54
1790193091056 41.29909873008728 55
1790193091559 41.520506143569946 56
1790193092064 41.74184203147888 57
1790193092564 41.958749294281006 58
1790193093091 42.17379689216614 59
1790193093603 42.38877892494202 60
1790193094099 42.600733041763306 61
1790193094650 42.810553312301636 62
1790193095225 43.022072315216064 63
1790193095739 43.230998516082764 64
1790193096238 43.43733787536621 65
1790193096731 43.63952875137329 66
1790193097230 43.84317994117737 67
1790193097719 44.04371976852417 68
1790193098214 44.24377679824829 69
1790193098716 44.443875551223755 70
1790193099229 44.64343786239624 71
1790193099757 44.84164118766785 72
1790193100266 45.03548741340637 73
1790193100768 45.22823095321655 74
1790193101269 45.42004466056824 75
1790193101758 45.614320039749146 76
1790193102249 45.80647349357605 77
1790193102739 45.99231481552124 78
1790193103234 46.173328161239624 79
1790193103732 46.35395407676697 80
1790193104228 46.533286571502686 81
1790193104772 46.71376943588257 82
1790193105265 46.89440131187439 83
1790193105755 47.07188606262207 84
1790193106250 47.24690914154053 85
1790193106745 47.42060899734497 86
1790193107244 47.595930099487305 87
1790193107737 47.76847958564758 88
1790193108243 47.937142848968506 89
1790193108749 48.105573654174805 90
1790193109250 48.2741117477417 91
1790193109772 48.44173789024353 92
1790193110255 48.60648512840271 93
1790193110738 48.76852631568909 94
1790193111248 48.929375410079956 95
1790193111725 49.090611934661865 96
1790193112204 49.250805377960205 97
1790193112687 49.40788149833679 98
1790193113170 49.56192374229431 99
1790193113654 49.71475005149841 100
1790193114127 49.86749291419983 101
1790193114635 50.01803636550903 102
1790193115126 50.16597509384155 103
1790193115618 50.31266212463379 104
1790193116103 50.458526611328125 105
1790193116593 50.6045937538147 106
1790193117073 50.75187683105469 107
1790193117548 50.89467763900757 108
1790193118018 51.0362446308136 109
1790193118495 51.175516843795776 110
1790193118963 51.31387710571289 111
1790193119473 51.4495313167572 112
1790193119939 51.582080125808716 113
1790193120413 51.714688539505005 114
1790193120882 51.846861839294434 115
1790193121357 51.98040008544922 116
1790193121824 52.112746238708496 117
1790193122293 52.24034786224365 118
1790193122773 52.36755609512329 119
1790193123263 52.49348282814026 120
1790193123732 52.61828899383545 121
1790193124220 52.74283289909363 122
1790193124700 52.86654233932495 123
1790193125173 52.98842191696167 124
1790193125644 53.110384941101074 125
1790193126113 53.22815179824829 126
1790193126589 53.34537625312805 127
1790193127060 53.46258878707886 128
1790193127578 53.57996225357056 129
1790193128053 53.696149587631226 130
1790193128534 53.81137728691101 131
1790193129045 53.9250373840332 132
1790193129522 54.03631925582886 133
1790193129991 54.14726734161377 134
1790193130461 54.25688028335571 135
1790193130937 54.364943504333496 136
1790193131413 54.47300672531128 137
1790193131883 54.578155279159546 138
1790193132352 54.683876037597656 139
1790193132833 54.78886365890503 140
1790193133311 54.891395568847656 141
1790193133862 54.99385595321655 142
1790193134332 55.0944447517395 143
1790193134812 55.19430637359619 144
1790193135288 55.29230237007141 145
1790193135763 55.38860559463501 146
1790193136233 55.48386573791504 147
1790193136713 55.576419830322266 148
1790193137184 55.67059516906738 149
1790193137664 55.76324462890625 150
1790193138134 55.853283405303955 151
1790193138630 55.94436526298523 152
1790193139109 56.036633253097534 153
1790193139593 56.12375736236572 154
1790193140068 56.21262788772583 155
1790193140541 56.29788637161255 156
1790193141028 56.38514757156372 157
1790193141536 56.47183656692505 158
1790193142004 56.55726194381714 159
1790193142474 56.64248466491699 160
1790193142950 56.72788619995117 161
1790193143457 56.812477111816406 162
1790193143940 56.89612030982971 163
1790193144430 56.978464126586914 164
1790193144918 57.060420513153076 165
1790193145399 57.14024305343628 166
1790193145879 57.22181797027588 167
1790193146351 57.30156898498535 168
1790193146833 57.38046169281006 169
1790193147304 57.45927095413208 170
1790193147783 57.53808617591858 171
1790193148298 57.61538743972778 172
1790193148777 57.69145488739014 173
1790193149250 57.767003774642944 174
1790193149728 57.8413188457489 175
1790193150197 57.91366100311279 176
1790193150670 57.987016439437866 177
1790193151145 58.05976390838623 178
1790193151626 58.13242793083191 179
1790193152104 58.20385813713074 180
1790193152575 58.2735538482666 181
1790193153220 58.34251642227173 182
1790193153717 58.412182331085205 183
1790193154206 58.47989320755005 184
1790193154694 58.54780673980713 185
1790193155186 58.61670970916748 186
1790193155679 58.68339538574219 187
1790193156168 58.751535415649414 188
1790193156653 58.815765380859375 189
1790193157153 58.88209342956543 190
1790193157644 58.94656181335449 191
1790193158160 59.00980234146118 192
1790193158643 59.072744846343994 193
1790193159132 59.13543105125427 194
1790193159621 59.19821858406067 195
1790193160104 59.26107168197632 196
1790193160609 59.32135581970215 197
1790193161097 59.382057189941406 198
1790193161584 59.43981409072876 199
