1790193063912 265305416150.2815 0
1790193064427 250449425976.8889 1
1790193064919 235756229798.87408 2
1790193065406 221329019342.6963 3
1790193065894 207268101916.44446 4
1790193066391 193701633190.87408 5
1790193066887 180730398909.62964 6
1790193067373 168421463627.85184 7
1790193067855 156921379574.51852 8
1790193068359 146293953672.53333 9
1790193068862 136572454229.33333 10
1790193069366 127868464676.02963 11
1790193069886 120251575701.8074 12
1790193070376 113730519083.61482 13
1790193070865 108256229533.3926 14
1790193071348 103827308100.26666 15
1790193071826 100397668805.21481 16
1790193072313 97853628482.37038 17
1790193072828 96017455174.16296 18
1790193073312 94726129684.85925 19
1790193073791 93841448091.49629 20
1790193074268 93197111591.82222 21
1790193074771 92679956047.64444 22
1790193075254 92226509854.34074 23
1790193075745 91801922798.93333 24
1790193076241 91396562502.16296 25
1790193076730 91003162115.79259 26
1790193077207 90617230222.22223 27
1790193077684 90241003770.31111 28
1790193078164 89866036959.76297 29
1790193078660 89498950356.38518 30
1790193079149 89134416182.9926 31
1790193079673 88768009117.3926 32
1790193080157 88406230205.62962 33
1790193080637 88045948799.05185 34
1790193081122 87692129682.01482 35
1790193081593 87344491781.68889 36
1790193082080 86994803761.30371 37
1790193082557 86645326339.79259 38
1790193083052 86300495102.1037 39
1790193083528 85957258251.37778 40
1790193084009 85620936654.69629 41
1790193084545 85286951230.57777 42
1790193085087 84950489345.8963 43
1790193085593 84614550105.12593 44
1790193086073 84282407105.42223 45
1790193086562 83950577178.54814 46
1790193087047 83628217059.55556 47
1790193087522 83305672265.95555 48
1790193087997 82984823032.41481 49
1790193088484 82664250792.77037 50
1790193088969 82348872908.8 51
1790193089550 82035683358.34074 52
1790193090050 81726539939.08148 53
1790193090552 81419898720.7111 54
1790193091057 81113117240.88889 55
1790193091560 80807581711.17036 56
1790193092066 80501464754.25185 57
1790193092566 80201743524.97778 58
1790193093093 79904931955.67407 59
1790193093605 79607957181.62962 60
1790193094101 79314795984.59259 61
1790193094652 79024873866.42963 62
1790193095226 78732867106.13333 63
1790193095740 78443962923.61482 64
1790193096239 78158926377.71852 65
1790193096733 77879530291.2 66
1790193097232 77598079808.47408 67
1790193097720 77320917031.82222 68
1790193098215 77044446532.26666 69
1790193098717 76768042441.0074 70
1790193099230 76492405576.05927 71
1790193099758 76218450134.28148 72
1790193100268 75950387135.52592 73
1790193100770 75684331730.48889 74
1790193101271 75419236791.94073 75
1790193101759 75150704414.34074 76
1790193102250 74885041189.92592 77
1790193102740 74628357135.17036 78
1790193103236 74378347755.14075 79
1790193103734 74128710891.14075 80
1790193104230 73880884802.37038 81
1790193104774 73631385892.02963 82
1790193105266 73381841648.82964 83
1790193105756 73136760024.17778 84
1790193106251 72894860335.40741 85
1790193106746 72654867084.32593 86
1790193107246 72412663823.17036 87
1790193107739 72174134328.88889 88
1790193108245 71940762123.37778 89
1790193108751 71708301446.63704 90
1790193109252 71475502093.27408 91
1790193109774 71243800060.20741 92
1790193110257 71016103122.48889 93
1790193110739 70792069485.98518 94
1790193111249 70569837988.97778 95
1790193111726 70347242784.23703 96
1790193112205 70125764890.54814 97
1790193112689 69908725373.15555 98
1790193113171 69696039314.01482 99
1790193113655 69484776066.84445 100
1790193114128 69273810915.55556 101
1790193114636 69065720543.76297 102
1790193115128 68861201684.85925 103
1790193115620 68658397460.85926 104
1790193116105 68457110336.474075 105
1790193116594 68255090103.94074 106
1790193117074 68051422657.422226 107
1790193117549 67854329027.31852 108
1790193118019 67658408482.13333 109
1790193118497 67466313204.62222 110
1790193118965 67275172729.36296 111
1790193119475 67087426114.37037 112
1790193119941 66904379109.45185 113
1790193120414 66721099017.48148 114
1790193120883 66538527495.58518 115
1790193121359 66354051151.64445 116
1790193121826 66171140388.02963 117
1790193122294 65994852905.71852 118
1790193122774 65818924363.85185 119
1790193123264 65645084459.614815 120
1790193123734 65472644094.10371 121
1790193124221 65300456271.64445 122
1790193124702 65129454829.03704 123
1790193125174 64960967245.748146 124
1790193125646 64792845844.85926 125
1790193126115 64629689736.53333 126
1790193126590 64467806359.703705 127
1790193127061 64305878186.666664 128
1790193127579 64143827981.27407 129
1790193128054 63983256223.28889 130
1790193128536 63823819133.155556 131
1790193129047 63666637351.82222 132
1790193129524 63512892685.27407 133
1790193129992 63359788454.87408 134
1790193130463 63208280109.51111 135
1790193130939 63058903239.111115 136
1790193131415 62909761960.77037 137
1790193131885 62764476598.04444 138
1790193132354 62618240256.0 139
1790193132835 62473281936.118515 140
1790193133312 62331359158.04444 141
1790193133864 62190082290.72593 142
1790193134334 62050889570.60741 143
1790193134813 61912866605.51111 144
1790193135289 61777407461.45185 145
1790193135764 61644532819.437035 146
1790193136235 61512876555.37778 147
1790193136714 61384938262.755554 148
1790193137185 61254774167.703705 149
1790193137666 61126888628.14815 150
1790193138135 61002451071.05185 151
1790193138631 60876554109.155556 152
1790193139110 60749207335.82222 153
1790193139595 60628911213.98518 154
1790193140069 60505738458.07407 155
1790193140543 60387993154.37037 156
1790193141029 60267398341.21481 157
1790193141537 60147663595.14074 158
1790193142005 60029734853.21481 159
1790193142475 59911932982.99259 160
1790193142951 59793745364.385185 161
1790193143458 59676897517.03704 162
1790193143943 59561395129.837036 163
1790193144432 59447711557.21481 164
1790193144919 59334396668.207405 165
1790193145400 59224028882.48889 166
1790193145880 59111241781.0963 167
1790193146353 59001163404.32593 168
1790193146834 58892203495.348145 169
1790193147305 58783348441.12592 170
1790193147785 58674242368.474075 171
1790193148300 58567536408.651855 172
1790193148779 58462458667.614815 173
1790193149252 58357800753.3037 174
1790193149729 58255374882.13333 175
1790193150198 58155413778.96296 176
1790193150671 58054180207.881485 177
1790193151146 57953474736.35555 178
1790193151627 57853002983.348145 179
1790193152105 57754305953.18519 180
1790193152577 57657973705.00741 181
1790193153221 57562718837.57037 182
1790193153718 57466457508.977776 183
1790193154208 57372773463.22963 184
1790193154696 57279168724.385185 185
1790193155187 57183942271.05185 186
1790193155680 57091626312.05926 187
1790193156170 56997774301.86667 188
1790193156654 56908728915.437035 189
1790193157155 56817162617.36296 190
1790193157646 56728138088.296295 191
1790193158161 56640926615.703705 192
1790193158644 56553789362.251854 193
1790193159133 56467111778.60741 194
1790193159623 56380524098.37037 195
1790193160105 56293423182.6963 196
1790193160611 56210116629.80741 197
1790193161098 56126334293.333336 198
1790193161586 56046501259.37778 199
