1790302725493 0.0 0
1790302726420 38.12040686607361 1
1790302727312 44.84732151031494 2
1790302728194 50.55357217788696 3
1790302729094 54.96504306793213 4
1790302730009 58.161938190460205 5
1790302730902 60.52974462509155 6
1790302731774 62.388038635253906 7
1790302732654 63.83768320083618 8
1790302733483 64.92373943328857 9
1790302734365 65.82499146461487 10
1790302735363 66.50964021682739 11
1790302736218 67.03178882598877 12
1790302737077 67.47580766677856 13
1790302737923 67.93544292449951 14
1790302738765 68.30171346664429 15
1790302739628 68.76793503761292 16
1790302740475 69.17322278022766 17
1790302741329 69.67215538024902 18
1790302742176 70.14535665512085 19
1790302743037 70.63377499580383 20
1790302743908 71.04302644729614 21
1790302744761 71.4956283569336 22
1790302745614 71.9190001487732 23
1790302746467 72.267746925354 24
1790302747320 72.54354357719421 25
1790302748143 72.78892993927002 26
1790302748998 73.04906249046326 27
1790302749831 73.21144938468933 28
1790302750674 73.406982421875 29
1790302751518 73.52383136749268 30
1790302752505 73.64374995231628 31
1790302753348 73.76432418823242 32
1790302754173 73.90275001525879 33
1790302755017 74.03562068939209 34
1790302755874 74.11601543426514 35
1790302756716 74.23888444900513 36
1790302757566 74.35198426246643 37
1790302758417 74.43133592605591 38
1790302759334 74.45981502532959 39
1790302760177 74.54079985618591 40
1790302761071 74.67479705810547 41
1790302761889 74.61109161376953 42
1790302762741 74.68109130859375 43
1790302763584 74.79283809661865 44
1790302764417 74.85685348510742 45
1790302765239 74.93125796318054 46
1790302766152 75.00521540641785 47
1790302767027 75.09845495223999 48
1790302767875 75.01688003540039 49
1790302768725 75.13864040374756 50
1790302769608 75.2182126045227 51
1790302770438 75.28731226921082 52
1790302771323 75.2808690071106 53
1790302772142 75.3988265991211 54
1790302773308 75.41056275367737 55
1790302774508 75.45555830001831 56
1790302775429 75.51066875457764 57
1790302776361 75.58061480522156 58
1790302777269 75.6678819656372 59
1790302778193 75.70328116416931 60
1790302779240 75.75724124908447 61
1790302780210 75.78811645507812 62
1790302781311 75.8561372756958 63
1790302782144 75.92736482620239 64
1790302782965 75.91357231140137 65
1790302783800 76.04929208755493 66
1790302784620 76.02571249008179 67
1790302785528 76.15774273872375 68
1790302786362 76.14995837211609 69
1790302787204 76.2507438659668 70
1790302788104 76.25740766525269 71
1790302788963 76.33645534515381 72
1790302789801 76.3389527797699 73
1790302790642 76.40374898910522 74
1790302791475 76.5285313129425 75
1790302792318 76.49574279785156 76
1790302793133 76.54245495796204 77
1790302793964 76.55777931213379 78
1790302794788 76.6081154346466 79
1790302795662 76.67062282562256 80
1790302796543 76.65555477142334 81
1790302797367 76.71404480934143 82
1790302798180 76.78295373916626 83
1790302798996 76.84277296066284 84
1790302799818 76.83653831481934 85
1790302800653 76.83541774749756 86
1790302801457 76.93058252334595 87
1790302802300 76.99861526489258 88
1790302803134 76.92074775695801 89
1790302803977 76.98396444320679 90
1790302804838 77.05557346343994 91
1790302805664 77.04206109046936 92
1790302806496 77.06887722015381 93
1790302807340 77.099609375 94
1790302808225 77.08754539489746 95
1790302809047 77.07387804985046 96
1790302809870 77.15409398078918 97
1790302810711 77.15518474578857 98
1790302811525 77.24906206130981 99
1790302812367 77.20226049423218 100
1790302813282 77.25509405136108 101
1790302814094 77.28106379508972 102
1790302814932 77.29827165603638 103
1790302815784 77.24513411521912 104
1790302816695 77.31054425239563 105
1790302817523 77.31322050094604 106
1790302818381 77.34010815620422 107
1790302819450 77.2864043712616 108
1790302820444 77.37701535224915 109
1790302821551 77.37866640090942 110
1790302822716 77.29686498641968 111
1790302823654 77.46898531913757 112
1790302824548 77.3842453956604 113
1790302825503 77.45187282562256 114
1790302826395 77.44950652122498 115
1790302827311 77.43735909461975 116
1790302828254 77.41207480430603 117
1790302829231 77.49489545822144 118
1790302830212 77.49735116958618 119
1790302831214 77.44949460029602 120
1790302832367 77.53282189369202 121
1790302833556 77.52561569213867 122
1790302834590 77.61066555976868 123
1790302835786 77.53159999847412 124
1790302836927 77.57192850112915 125
1790302837901 77.65744924545288 126
1790302838853 77.57724523544312 127
1790302839776 77.65898704528809 128
1790302840718 77.63431668281555 129
1790302841639 77.59267091751099 130
1790302842624 77.6063859462738 131
1790302843601 77.65309810638428 132
1790302844486 77.66882181167603 133
1790302845411 77.64432430267334 134
1790302846419 77.66166925430298 135
1790302847363 77.67192125320435 136
1790302848276 77.70611047744751 137
1790302849189 77.66497135162354 138
1790302850096 77.67138481140137 139
1790302851024 77.73122191429138 140
1790302852038 77.70271301269531 141
1790302852918 77.73645520210266 142
1790302853800 77.77197360992432 143
1790302854695 77.68473625183105 144
1790302855612 77.75808572769165 145
1790302856490 77.74750590324402 146
1790302857348 77.78211832046509 147
1790302858204 77.84372568130493 148
1790302859032 77.74454951286316 149
1790302859868 77.75156497955322 150
1790302860781 77.82042622566223 151
1790302861731 77.78823971748352 152
1790302862800 77.82989144325256 153
1790302863814 77.86126732826233 154
1790302864929 77.82837152481079 155
1790302865936 77.7908444404602 156
1790302866843 77.79943346977234 157
1790302867752 77.86362171173096 158
1790302868649 77.8396487236023 159
1790302869543 77.8568983078003 160
1790302870459 77.82050967216492 161
1790302871363 77.89170145988464 162
1790302872253 77.90522575378418 163
1790302873164 77.8885543346405 164
1790302874097 77.90637016296387 165
1790302875001 77.87436246871948 166
1790302875887 77.8823971748352 167
1790302876787 77.88097262382507 168
1790302877665 77.89761424064636 169
1790302878595 77.93993353843689 170
1790302879534 77.94958353042603 171
1790302880390 77.89257764816284 172
1790302881241 77.88025140762329 173
1790302882116 77.9434323310852 174
1790302882959 77.94413566589355 175
1790302883808 77.90566682815552 176
1790302884696 77.90801525115967 177
1790302885606 77.85626649856567 178
1790302886495 77.95188426971436 179
1790302887466 77.96043157577515 180
1790302888408 77.9386818408966 181
1790302889283 77.97852754592896 182
1790302890167 77.97849178314209 183
1790302891059 77.89086699485779 184
1790302891953 77.97884345054626 185
1790302892877 77.98828482627869 186
1790302893958 78.02475690841675 187
1790302895039 77.9809057712555 188
1790302896185 78.01939845085144 189
1790302897162 78.03522944450378 190
1790302898100 77.96554565429688 191
1790302898986 77.96218395233154 192
1790302899902 77.95491814613342 193
1790302900816 78.03074717521667 194
1790302901712 78.02544236183167 195
1790302902615 77.95780897140503 196
1790302903505 77.99453139305115 197
1790302904400 78.04067134857178 198
1790302905273 78.09725999832153 199
