1790302725503 240453526186.66666 0
1790302726430 85505796008.77037 1
1790302727324 76210473908.14815 2
1790302728207 68325847385.12592 3
1790302729104 62229687722.666664 4
1790302730018 57812425119.28889 5
1790302730914 54540509870.45926 6
1790302731783 51972643119.40741 7
1790302732666 49969431902.81481 8
1790302733496 48468891813.92593 9
1790302734378 47223435491.55556 10
1790302735374 46277476507.4963 11
1790302736230 45555828839.348145 12
1790302737086 44942148198.4 13
1790302737934 44307147337.95556 14
1790302738776 43801103586.60741 15
1790302739637 43157057234.48889 16
1790302740486 42596824834.844444 17
1790302741338 41907263543.94074 18
1790302742186 41253522014.81481 19
1790302743053 40578575860.62222 20
1790302743919 40013125892.74074 21
1790302744770 39387607292.207405 22
1790302745623 38802652617.95556 23
1790302746477 38320722064.118515 24
1790302747332 37939544118.04444 25
1790302748154 37600593883.97037 26
1790302749006 37240990234.54815 27
1790302749840 37016654668.8 28
1790302750686 36746568214.755554 29
1790302751528 36585020625.54074 30
1790302752521 36419379186.72593 31
1790302753357 36252671616.94815 32
1790302754186 36061398209.422226 33
1790302755026 35877897011.2 34
1790302755886 35766792535.22963 35
1790302756725 35596958976.94815 36
1790302757576 35440738159.881485 37
1790302758426 35331035541.80741 38
1790302759345 35291655078.87408 39
1790302760189 35179754359.46667 40
1790302761079 34994599328.23704 41
1790302761899 35082724847.881485 42
1790302762754 34986035571.67407 43
1790302763593 34831525389.27407 44
1790302764427 34743074157.98518 45
1790302765253 34640365378.37037 46
1790302766163 34538121114.54815 47
1790302767040 34409195924.85926 48
1790302767884 34521977417.95556 49
1790302768735 34353666446.22222 50
1790302769620 34243770391.703705 51
1790302770447 34148255768.65185 52
1790302771331 34157257581.037037 53
1790302772152 33994255993.362965 54
1790302773329 33977757044.622223 55
1790302774518 33915758918.162964 56
1790302775445 33839505580.56296 57
1790302776373 33742832968.059258 58
1790302777283 33622406129.77778 59
1790302778204 33573533930.192593 60
1790302779254 33498861902.696297 61
1790302780228 33456203739.97037 62
1790302781321 33362301220.02963 63
1790302782152 33263791886.22222 64
1790302782977 33282917124.74074 65
1790302783810 33095362422.51852 66
1790302784632 33127946495.051853 67
1790302785539 32945461297.303703 68
1790302786370 32956223846.4 69
1790302787217 32816997025.185184 70
1790302788117 32807802769.066666 71
1790302788972 32698571066.785187 72
1790302789812 32695028505.6 73
1790302790653 32605600801.185184 74
1790302791487 32433141011.91111 75
1790302792330 32478451588.74074 76
1790302793142 32413850625.896297 77
1790302793974 32392690411.14074 78
1790302794802 32323221821.62963 79
1790302795672 32236818211.081482 80
1790302796555 32257598749.392593 81
1790302797377 32176725872.829628 82
1790302798191 32081550294.281483 83
1790302799006 31998936070.637035 84
1790302799827 32007552363.14074 85
1790302800662 32009090523.02222 86
1790302801470 31877625767.822224 87
1790302802309 31783599333.45185 88
1790302803144 31891017299.43704 89
1790302803989 31803779483.496296 90
1790302804848 31704892878.696297 91
1790302805675 31723544054.51852 92
1790302806508 31686469210.074074 93
1790302807351 31643980490.42963 94
1790302808238 31660633900.56296 95
1790302809058 31679607804.20741 96
1790302809879 31568687695.644444 97
1790302810723 31567217880.177776 98
1790302811537 31437573577.955555 99
1790302812378 31502183178.42963 100
1790302813299 31429250753.422222 101
1790302814105 31393332805.214813 102
1790302814944 31369488455.11111 103
1790302815796 31442877342.34074 104
1790302816707 31352628685.74815 105
1790302817533 31348830752.237038 106
1790302818393 31311616250.31111 107
1790302819464 31385910460.20741 108
1790302820454 31260572499.43704 109
1790302821566 31258454667.377777 110
1790302822731 31371491798.281483 111
1790302823668 31133535744.948147 112
1790302824563 31250705866.903706 113
1790302825517 31157214971.25926 114
1790302826406 31160540006.4 115
1790302827320 31177331741.392593 116
1790302828266 31212218555.733334 117
1790302829242 31097829931.614815 118
1790302830224 31094360293.45185 119
1790302831224 31160556452.02963 120
1790302832384 31045447406.45926 121
1790302833572 31055342374.4 122
1790302834615 30937770071.22963 123
1790302835802 31047024454.162964 124
1790302836938 30991484637.866665 125
1790302837912 30873109829.214813 126
1790302838866 30983963761.303703 127
1790302839788 30871037618.25185 128
1790302840726 30905223939.79259 129
1790302841653 30962731892.622223 130
1790302842639 30943680268.325928 131
1790302843609 30879093028.02963 132
1790302844495 30857371735.22963 133
1790302845423 30891321660.68148 134
1790302846429 30867310134.044445 135
1790302847376 30853127255.22963 136
1790302848289 30805971720.533333 137
1790302849199 30862810574.696297 138
1790302850109 30853902914.37037 139
1790302851037 30771263690.903706 140
1790302852047 30810501347.555557 141
1790302852927 30764037078.281483 142
1790302853811 30714884228.74074 143
1790302854707 30835421887.525925 144
1790302855625 30734035254.044445 145
1790302856500 30748760187.25926 146
1790302857361 30700911575.22963 147
1790302858212 30615776548.97778 148
1790302859044 30752799542.99259 149
1790302859879 30743156954.074074 150
1790302860794 30647993473.896297 151
1790302861744 30692466769.54074 152
1790302862812 30634979666.488888 153
1790302863827 30591626750.103703 154
1790302864943 30636931115.614815 155
1790302865947 30688835349.807407 156
1790302866851 30676939628.08889 157
1790302867764 30588278050.133335 158
1790302868663 30621452129.65926 159
1790302869552 30597605977.125927 160
1790302870468 30647807623.585186 161
1790302871373 30549453881.837036 162
1790302872266 30530788229.68889 163
1790302873178 30553874979.081482 164
1790302874107 30529185926.637035 165
1790302875013 30573419914.42963 166
1790302875900 30562300990.577778 167
1790302876800 30564312755.2 168
1790302877673 30541368812.08889 169
1790302878604 30482905699.555557 170
1790302879546 30469469597.866665 171
1790302880402 30548305748.385185 172
1790302881253 30565334532.74074 173
1790302882125 30477913003.614815 174
1790302882968 30477025119.762962 175
1790302883821 30530200718.22222 176
1790302884707 30527010466.133335 177
1790302885618 30598458031.407406 178
1790302886508 30466290596.97778 179
1790302887478 30454515346.962963 180
1790302888420 30484543982.933334 181
1790302889297 30429502942.814816 182
1790302890177 30429541947.733334 183
1790302891071 30550558532.266666 184
1790302891961 30429108067.555557 185
1790302892891 30416070582.044445 186
1790302893976 30365563242.192593 187
1790302895054 30426313008.355556 188
1790302896198 30373000043.614815 189
1790302897174 30351151950.696297 190
1790302898112 30447500941.274075 191
1790302898995 30452197929.718517 192
1790302899914 30462160394.42963 193
1790302900828 30357365536.237038 194
1790302901724 30364755276.8 195
1790302902627 30458121172.385185 196
1790302903515 30407364687.644444 197
1790302904412 30343655478.99259 198
1790302905282 30265435357.866665 199
