1790302907825 3.9211273193359375 0
1790302910129 58.75115394592285 1
1790302911934 65.70305824279785 2
1790302913854 68.7243402004242 3
1790302915678 71.05953693389893 4
1790302917544 72.3348319530487 5
1790302919546 73.09423089027405 6
1790302921327 73.66437911987305 7
1790302923269 74.08605813980103 8
1790302924955 74.00041222572327 9
1790302927045 74.52081441879272 10
1790302929798 74.64711666107178 11
1790302931489 74.85017776489258 12
1790302933467 75.09185075759888 13
1790302935879 75.15314817428589 14
1790302937683 75.37745237350464 15
1790302939508 75.80298185348511 16
1790302941338 75.60168504714966 17
1790302943289 76.25206708908081 18
1790302944922 76.18642449378967 19
1790302947262 76.48255825042725 20
1790302949464 76.61771178245544 21
1790302951277 76.59497261047363 22
1790302956248 76.70390605926514 23
1790302959730 76.71494483947754 24
1790302961476 76.77837610244751 25
1790302963207 77.05250382423401 26
1790302966016 77.23569869995117 27
1790302967793 77.00760960578918 28
1790302970043 77.14414596557617 29
1790302972522 77.20416784286499 30
1790302974373 77.19517946243286 31
1790302976186 77.37991213798523 32
1790302977837 77.13161706924438 33
1790302979752 77.28074193000793 34
1790302982082 77.40685939788818 35
1790302984003 77.42385864257812 36
1790302985856 77.45027542114258 37
1790302987486 77.45457887649536 38
1790302989587 77.18169689178467 39
1790302991801 77.60143280029297 40
1790302993630 77.55901217460632 41
1790302995448 77.10532546043396 42
1790302997827 77.52841114997864 43
1790302999932 77.45253443717957 44
1790303001758 77.47348546981812 45
1790303003386 77.65080332756042 46
1790303005205 77.88202166557312 47
1790303006963 77.72297859191895 48
1790303009287 77.71937847137451 49
1790303011536 77.70783305168152 50
1790303017708 77.90881395339966 51
1790303019922 77.88386344909668 52
1790303021790 77.75653600692749 53
1790303023600 78.03060412406921 54
1790303025882 77.96326875686646 55
1790303027960 77.79858708381653 56
1790303030126 77.92017459869385 57
1790303032120 77.76968479156494 58
1790303033845 77.94888019561768 59
1790303036157 78.09910178184509 60
1790303038045 77.99503207206726 61
1790303039903 78.01361083984375 62
1790303042022 78.24910283088684 63
1790303044683 77.97262072563171 64
1790303046739 77.99538373947144 65
1790303048857 78.10638546943665 66
1790303050498 77.97023057937622 67
1790303052385 78.22282910346985 68
1790303054124 78.06167006492615 69
1790303056412 78.37255001068115 70
1790303058429 78.25195789337158 71
1790303060204 78.21500301361084 72
1790303062381 78.2281756401062 73
1790303064312 78.29288840293884 74
1790303066361 78.56918573379517 75
1790303068308 78.28792929649353 76
1790303069911 78.39359045028687 77
1790303071774 78.39217185974121 78
1790303078819 78.38934659957886 79
1790303081304 78.16904187202454 80
1790303083236 78.41481566429138 81
1790303084996 78.47679257392883 82
1790303086576 78.3955454826355 83
1790303088383 78.55873107910156 84
1790303090488 78.49450707435608 85
1790303092318 78.31275463104248 86
1790303094017 78.68658304214478 87
1790303095987 78.58452796936035 88
1790303097791 78.50727438926697 89
1790303104073 78.42977643013 90
1790303106353 78.84424924850464 91
1790303108311 78.62809896469116 92
1790303110128 78.77681255340576 93
1790303111770 78.76967191696167 94
1790303113465 78.48043441772461 95
1790303115256 78.57177257537842 96
1790303117655 78.60981225967407 97
1790303119811 78.52219343185425 98
1790303121393 78.82976531982422 99
1790303123528 78.71142029762268 100
1790303125400 78.57236862182617 101
1790303127039 78.71190309524536 102
1790303128796 78.93002033233643 103
1790303130542 78.84596586227417 104
1790303133894 78.92307639122009 105
1790303139031 79.24188375473022 106
1790303141143 80.04012107849121 107
1790303142848 80.44402599334717 108
1790303144441 81.26263618469238 109
1790303146603 81.72674775123596 110
1790303148257 81.88664317131042 111
1790303150171 82.16111660003662 112
1790303152387 82.3163092136383 113
1790303154048 82.53860473632812 114
1790303156259 82.70847201347351 115
1790303159091 82.86692500114441 116
1790303161286 82.70747065544128 117
1790303163022 82.83494710922241 118
1790303165039 83.11640620231628 119
1790303167186 82.98993706703186 120
1790303169142 83.3427369594574 121
1790303171581 83.14887285232544 122
1790303173494 83.38032960891724 123
1790303175352 83.25175642967224 124
1790303177173 83.22964906692505 125
1790303179273 83.53389501571655 126
1790303180960 83.26207399368286 127
1790303182805 83.59375 128
1790303184395 83.35857391357422 129
1790303186712 83.47570896148682 130
1790303188725 83.45729112625122 131
1790303190264 83.68890285491943 132
1790303192077 83.49370956420898 133
1790303198953 83.63053798675537 134
1790303201034 83.77315998077393 135
1790303203027 83.72253179550171 136
1790303205392 83.71472954750061 137
1790303209091 83.83563756942749 138
1790303211350 83.82743000984192 139
1790303213493 83.8060975074768 140
1790303215514 83.80711674690247 141
1790303217619 84.11035537719727 142
1790303221080 84.0133786201477 143
1790303223163 83.80306959152222 144
1790303224982 84.13270711898804 145
1790303226865 84.07291769981384 146
1790303228848 83.98301601409912 147
1790303231150 84.30734872817993 148
1790303233043 84.15199518203735 149
1790303235453 84.0550422668457 150
1790303238766 84.48940515518188 151
1790303242899 84.22136306762695 152
1790303248669 84.41332578659058 153
1790303251457 84.47417616844177 154
1790303256208 84.32401418685913 155
1790303259922 84.52664613723755 156
1790303261740 84.5651388168335 157
1790303263404 84.42338705062866 158
1790303265098 84.43008065223694 159
1790303267425 84.78571772575378 160
1790303269082 84.56770777702332 161
1790303271068 84.81360077857971 162
1790303273784 84.85438823699951 163
1790303276218 84.61941480636597 164
1790303278121 84.63847637176514 165
1790303284420 84.8150372505188 166
1790303286122 84.85807180404663 167
1790303288639 84.99168157577515 168
1790303291870 85.00741720199585 169
1790303294090 84.86356735229492 170
1790303296008 85.05047559738159 171
1790303297618 84.90432500839233 172
1790303299391 84.95210409164429 173
1790303301118 84.74023342132568 174
1790303303129 85.11427044868469 175
1790303304892 85.10286808013916 176
1790303306712 85.05222201347351 177
1790303308627 85.27710437774658 178
1790303310329 85.08120775222778 179
1790303312700 85.2213442325592 180
1790303319896 85.2596640586853 181
1790303321882 85.08222103118896 182
1790303323632 85.02480983734131 183
1790303325745 85.26580333709717 184
1790303327731 85.42438745498657 185
1790303329553 85.40903329849243 186
1790303331855 85.38090586662292 187
1790303333734 85.08516550064087 188
1790303335555 85.54608821868896 189
1790303338254 85.57838201522827 190
1790303345339 85.34375429153442 191
1790303347408 85.43903827667236 192
1790303350208 85.42197346687317 193
1790303352439 85.55586338043213 194
1790303354758 85.42205691337585 195
1790303356722 85.50171852111816 196
1790303358727 85.66861152648926 197
1790303360775 85.87826490402222 198
1790303362682 85.92661619186401 199
