1790302907837 132762581065.95555 0
1790302910143 56998036132.977776 1
1790302911949 47391791603.67407 2
1790302913871 43217171593.48148 3
1790302915693 39990189094.87408 4
1790302917564 38228155022.22222 5
1790302919560 37178751596.08889 6
1790302921344 36390855244.8 7
1790302923286 35808129472.474075 8
1790302924969 35926588277.57037 9
1790302927057 35207441849.837036 10
1790302929815 35032999654.4 11
1790302931506 34752299150.22222 12
1790302933481 34418277156.977776 13
1790302935889 34333639146.666668 14
1790302937693 34023773803.14074 15
1790302939523 33435884402.725925 16
1790302941352 33713888520.533333 17
1790302943301 32815079181.274075 18
1790302944934 32905901085.392593 19
1790302947286 32496659743.288887 20
1790302949481 32309935085.985184 21
1790302951290 32341296384.948147 22
1790302956263 32190811006.103703 23
1790302959746 32175522706.014816 24
1790302961490 32087806977.896297 25
1790302963228 31709130512.11852 26
1790302966030 31455843882.666668 27
1790302967808 31771123676.918518 28
1790302970061 31582500913.303703 29
1790302972537 31499504363.14074 30
1790302974389 31511980734.577778 31
1790302976197 31256624016.11852 32
1790302977850 31599683974.637035 33
1790302979768 31393726767.407406 34
1790302982094 31219468178.014816 35
1790302984014 31195906307.79259 36
1790302985873 31159476090.31111 37
1790302987501 31153492688.592594 38
1790302989606 31530536712.533333 39
1790302991812 30950542312.296295 40
1790302993646 31009181061.68889 41
1790302995463 31636159605.57037 42
1790302997839 31051576163.555557 43
1790302999948 31156329189.45185 44
1790303001772 31127377999.644444 45
1790303003402 30882456644.266666 46
1790303005223 30562913847.940742 47
1790303006977 30782607987.674072 48
1790303009303 30787630748.918518 49
1790303011547 30803534394.785187 50
1790303017735 30525870061.985184 51
1790303019939 30560323145.00741 52
1790303021809 30736330914.133335 53
1790303023612 30357647305.00741 54
1790303025893 30450406528.948147 55
1790303027973 30678148659.2 56
1790303030142 30510043038.34074 57
1790303032134 30717989214.814816 58
1790303033859 30470494636.56296 59
1790303036170 30262972118.281483 60
1790303038063 30406664807.34815 61
1790303039913 30380986269.392593 62
1790303042038 30055682487.940742 63
1790303044696 30437632100.503704 64
1790303046756 30406256791.703705 65
1790303048869 30252825985.896297 66
1790303050511 30440978514.014816 67
1790303052398 30091910823.34815 68
1790303054140 30314572586.666668 69
1790303056423 29885050357.57037 70
1790303058440 30051716519.822224 71
1790303060220 30102770244.266666 72
1790303062397 30084481907.674072 73
1790303064324 29995164250.074074 74
1790303066374 29613352224.237038 75
1790303068324 30002015826.962963 76
1790303069927 29855922162.725925 77
1790303071789 29857910097.54074 78
1790303079078 29861910169.6 79
1790303081314 30166260718.933334 80
1790303083250 29826641288.533333 81
1790303085007 29740944355.555557 82
1790303086588 29853250834.014816 83
1790303088399 29627814989.74815 84
1790303090499 29716535518.814816 85
1790303092329 29967683725.274075 86
1790303094030 29451161819.02222 87
1790303096002 29592168804.503704 88
1790303097832 29698774373.45185 89
1790303104333 29805975598.933334 90
1790303106366 29233289846.51852 91
1790303108326 29531946233.362965 92
1790303110141 29326434530.607407 93
1790303111782 29336278349.274075 94
1790303113477 29735934161.54074 95
1790303115271 29609796950.281483 96
1790303117669 29557190944.237038 97
1790303119825 29678256494.933334 98
1790303121407 29253346652.918518 99
1790303123542 29416808891.733334 100
1790303125412 29609021635.31852 101
1790303127050 29416164999.585186 102
1790303128808 29114721417.48148 103
1790303130553 29230843797.807407 104
1790303133925 29124395741.866665 105
1790303139045 28683778504.059258 106
1790303141153 27580711693.74815 107
1790303142860 27022705784.414814 108
1790303144452 25891399659.614815 109
1790303146620 25250232150.281483 110
1790303148269 25029269856.711113 111
1790303150184 24649901992.296295 112
1790303152407 24435510562.607407 113
1790303154059 24128311448.65185 114
1790303156272 23893603571.2 115
1790303159106 23674679855.407406 116
1790303161297 23894992083.91111 117
1790303163043 23718864962.37037 118
1790303165057 23329903013.925926 119
1790303167198 23504737146.785187 120
1790303169155 23017215035.25926 121
1790303171597 23285057892.503704 122
1790303173510 22965205156.02963 123
1790303175367 23142850434.844444 124
1790303177185 23173550264.414814 125
1790303179282 22752982675.91111 126
1790303180976 23128610081.185184 127
1790303182819 22670318417.066666 128
1790303184412 22995354562.37037 129
1790303186726 22833461883.733334 130
1790303188740 22858838427.02222 131
1790303190281 22538783260.444443 132
1790303192094 22808505779.2 133
1790303198966 22619487333.45185 134
1790303201046 22422396312.177776 135
1790303203040 22492351341.037037 136
1790303205406 22503174557.392593 137
1790303209110 22336113144.414814 138
1790303211373 22347409675.851852 139
1790303213511 22376948980.622223 140
1790303215527 22375422823.34815 141
1790303217631 21956516580.503704 142
1790303221097 22090457535.525925 143
1790303223176 22381066870.99259 144
1790303224998 21925527040.948147 145
1790303226886 22008236590.45926 146
1790303228862 22132439580.918518 147
1790303231170 21684269301.57037 148
1790303233055 21898913576.296295 149
1790303235468 22032927401.244446 150
1790303238787 21432711870.103703 151
1790303242931 21803096221.866665 152
1790303248709 21537885013.333332 153
1790303251471 21453813553.77778 154
1790303256226 21661199939.31852 155
1790303259936 21381214492.918518 156
1790303261751 21328026825.48148 157
1790303263421 21523918182.4 158
1790303265114 21514725030.4 159
1790303267442 21023277607.34815 160
1790303269097 21324461557.57037 161
1790303271081 20984701334.755554 162
1790303273805 20928363195.25926 163
1790303276234 21253083607.22963 164
1790303278137 21226716120.65185 165
1790303284434 20982722015.288887 166
1790303286139 20923248681.244446 167
1790303288653 20738653478.874073 168
1790303291887 20716946221.985184 169
1790303294111 20915723057.303703 170
1790303296024 20657390255.407406 171
1790303297632 20859378273.65926 172
1790303299405 20793358400.474075 173
1790303301138 21086042249.48148 174
1790303303153 20569281099.377777 175
1790303304907 20585024623.88148 176
1790303306731 20655060211.2 177
1790303308641 20344254215.585186 178
1790303310344 20614948963.555557 179
1790303312713 20421299976.059258 180
1790303319910 20368341063.11111 181
1790303321897 20613534731.851852 182
1790303323650 20692885045.57037 183
1790303325758 20359810012.444443 184
1790303327744 20140760198.637035 185
1790303329575 20161984664.65185 186
1790303331871 20200784490.192593 187
1790303333746 20609546121.955555 188
1790303335565 19972560374.99259 189
1790303338275 19927961563.97037 190
1790303345352 20252193069.037037 191
1790303347430 20120573084.444443 192
1790303350225 20144092565.333332 193
1790303352453 19959065573.45185 194
1790303354771 20144015472.355556 195
1790303356733 20033867578.31111 196
1790303358739 19803238370.133335 197
1790303360793 19513575276.56296 198
1790303362699 19446757143.703705 199
